
*******************************************  DRIFTS coefficients *******************************************

PassengerId = 0.996484059997
Name = 0.99184704376
Ticket = 0.708192444931
Cabin = 0.185622367571
Embarked = 0.0780202520574
Fare = 0.0370935985649
SibSp = 0.0219438754317
Pclass = 0.0194410204572
Sex = 0.0112229006445
Age = 0.00813504409209
Parch = 0.00421183778393
