
*******************************************  DRIFTS coefficients *******************************************

Id = 1.0
2ndFlrSF = 0.0437274060895
FireplaceQu = 0.0423537115161
Exterior1st = 0.0400583910641
HeatingQC = 0.0379073004532
GrLivArea = 0.0341053108737
TotRmsAbvGrd = 0.0309386111298
BsmtFinType1 = 0.0308113292153
FullBath = 0.029647240389
MSSubClass = 0.0287654887291
GarageArea = 0.0285964972569
BedroomAbvGr = 0.0274210089937
BsmtCond = 0.0265369174697
GarageCars = 0.0262705577912
Fireplaces = 0.0261164768391
EnclosedPorch = 0.0259293584988
YearBuilt = 0.0243719948899
BsmtExposure = 0.0229555328004
ScreenPorch = 0.0224393984207
LotArea = 0.0222818244041
BsmtUnfSF = 0.0221927100749
PavedDrive = 0.0219209782331
Electrical = 0.0211696926592
GarageQual = 0.0206059746075
KitchenQual = 0.018797326583
LotFrontage = 0.018412749711
RoofStyle = 0.0177935261701
LotShape = 0.0147177941131
GarageYrBlt = 0.0140851967944
SaleType = 0.0139776454171
LandContour = 0.0139552133536
WoodDeckSF = 0.0139536199808
Heating = 0.0123372063361
MiscVal = 0.0114870467028
SaleCondition = 0.0112754460221
MSZoning = 0.011227240703
LotConfig = 0.0107791361345
YearRemodAdd = 0.0101884349964
Alley = 0.009880481595
MoSold = 0.00939542956842
BsmtFinType2 = 0.00887662583874
GarageCond = 0.00877442860596
OverallCond = 0.00855802592693
ExterQual = 0.0084503896041
BsmtFinSF2 = 0.00821964914394
BldgType = 0.00813894313821
Foundation = 0.00810923793277
MasVnrType = 0.0077616715845
HouseStyle = 0.00747956608778
OverallQual = 0.00703077423246
Condition1 = 0.00682312352037
TotalBsmtSF = 0.00674488737119
BsmtHalfBath = 0.00619544660901
HalfBath = 0.00608838431225
GarageType = 0.00572846482005
MasVnrArea = 0.00508166099977
GarageFinish = 0.0050122978006
BsmtQual = 0.00470033651313
YrSold = 0.00424049015133
CentralAir = 0.00415186876374
Neighborhood = 0.00408345412335
LowQualFinSF = 0.00407952603466
OpenPorchSF = 0.00389567037621
Exterior2nd = 0.00320711838657
Functional = 0.00290005305236
Fence = 0.00224520128366
BsmtFinSF1 = 0.00221303136988
ExterCond = 0.00211795669372
PoolArea = 0.00205009806064
1stFlrSF = 0.00162278713595
KitchenAbvGr = 0.00139710994607
Utilities = 0.00137080256309
Street = 0.00136892346431
Condition2 = 0.00136141993971
RoofMatl = 0.000658674318975
LandSlope = 0.000586504055121
BsmtFullBath = 0.000151331804828
3SsnPorch = 9.48558769753e-07
